AucToBUM.

ῃ
nomem· odyss. 0., 79,1ῼ,160,244,
Odys. 1.‚ 82, 51, 177, 186, 202,
ody 38. x.‚1⁵2, 197, 209, 327, 349
--0dyu. Δ.,47,59, 122, '152‚’313,
336, 415, 457
——Qdygm 1.,31, 237
odyss. u„ 105, 316 450
—--- ‚,3. 117, 189, 306, 311, 455
-‹.-Qdyss. 0., 197, 214, 244, 250,
362, 434 ’
odyss. Π. 129, 157, 177, 869,

 

 

 

 

482,· 499

——Ody 88. Ρ., 157, 182, 214, 257,
283,329, y343, 4³03, 461

Odyss- 2., 131, 157, 327, 329,
875, 429, 482

——Odyss. T., 16, 100, 313, 330, 349,
869, 480

oilyss. ‘r., 46, 376

-——-0dy 33. 4., 328, 444

Ody 38. Ψ. 113, 122, 250, 261

——Ody 33. 0., 79,92, 100, 214

*1380801101οἾ 52,142,'22·1‚ 285

¹·———Hym11.inCer.,32, 4⁷, 68, 71,
113, 117, 142, 145, 154, 200, 211,

 

 

 

214, 250 339, 452

.,Ἷ8.1· 155,166,183, 221,
300, 307,311, 312, 34'2, 376, 426, 4277

nomia. 011„ 3,5,12, 20, 32, 43, 86,38,
131,146, 154, 216, 219, 221, 251,
319, 333, 385, 398, 417, 419, 432,
484, 447, 451, 461, 463, 477

Epod', 43, ⁹203, ',216 404

Carm- 890., 24, 221

--—-u

 

 

 

351,45;16,22,23,45,75,73,
. 126, 144, 163, 216, 231, 309, 337,
, 387, 394, 469, 473, 492

 

1911138, 94, 100, 123, 144, 322,
, 420, 454, 439

Art. Poet„ 114, 451, 465, 489
nunchkiun. 41, 201

Hyginus, 25

 

Jacobsins, 41 et alibi.

Jnmbuchua, 67, 69, 108, 209, 399
39113108, 79111888110.

ngeniuo, 214 ‘

30118108, 66, 118, ’,187 233
Jooephm,24,40‚ 101,104,115, 155,

211, 252, 279, 328, 342, 382, 408,
414, 494

luminemus, 221 ,

lmus, 53, 126, 173, 336, 440

Itidem, 280

Isocrates, 7, 28, 38, 48, 59, 81, 85, 34,

, 97,120,170, 174, 175, 210, 225,
247, 254, 279, 286, 308, 325, 335,
888, 350, 431, 440, 443, 449, 485

Jnl‘nn’us, 71, 81, 83, 134,139,176,
179,]35, 192, 256, 266, 288, 239,
320, 352, 402, 448, 461, 462

Kuhnius, 35, 95,

555

, J υἷα-1118111108, 26

1118111108, 3, as, 310, 321, 886, 895,
407, 451, 483

,lustinus Mattyr‚ 14, 15, 3¹1, 178, 228,
256, 337, 340

Juvemlia, 7, 84, 167, 816 “

Κ110011108, 21

Knatchbuss, 335, 3¹15, 494
Koenius, 66

Κο11111913, 1, 61

128, 136
Kustems,23,63,188‚ 152 etalibi.
Kypkius, 40, 109

’ lactantium 9, 335

Lampridius, 802

Longius, 22

Iam-herus, 172

Lascharius Georgius, 37

Leisnems, 213

Lenfant, 306

Lennep 108, 211, 242

Leolmp„ 29, 66, 111, 160, 276, 290,

Leonidas Alex.. 47, 337

Tare11t„ 1⁹33, 313 ¹

Leontius Scholasticus, 13, 56, 348

leopardus Paulus. 10, 121, 235, 301, ,

Lexicon Septemvi'rale‚ 230

Xenop h., 44, 54

1011311108, 22, p84, 79, 81, 131, 146, 149,
155, 159, 233, 255, 26⁴, 283, 291,
293, 323, 323, 3512 352, 333, 422,
452, 475, 479

Lightfoot, 85, 109

Lindhammer, 71

Lipsius, 163

Livius, 3, 9, 11. 15, 42,51,63, 76, 32,
193, 218, 219, 286, 289, 314, 425,
432, 476, 481, 482, 483, 494

Lobineau, 248

Longinus, 7, 10, 39, 40, 108, 154, 191,
229, 242, 244, 265, 481

Longu's‚ 23, 26, 32, 36, 37, 107, 133,
176, 191, 201, 224, 229, 241, 255,
284, 289, 303, 307, 327, 339, 340.
342, 368, 376, 395, 399, 429

Lucianus, 2, 9, 10, 11, 12, 20, 28, 25,
27, 31, 34, 35, ”,38‚4o 41, 46,48,
49,:5254,’,55 56, 61,64,65,,69
70, 74, 75, 76, 78, 80, 81, 88, 86,
87, 88, 90, 99; 100, 104, 109, 110,
111,113‚116,122,127,128,129,
130,132,141,142,143,144‚145,
150,153,155‚158‚159,164,167,

 

 

, 1³11,1⁷3‚173‚130,181,133,134,

135,13·1,131,133‚133, 200, 201,
202, 204, 206, 207, 203, 209, 211,
212, 215, 216, 213, 224, 226, 233,
234, 235, 341, 243,·243‚ 250, 251,
255, 259, 260, 261, 264, 265, 266,

