ὧι

91,
ὲη..

*ffi-

ιγ.

ἢῖῧῖωῧ

ωωέωωωω

8

Loconmi mORbM.

. M οη. μω. .

’1106373515 'ff 97 78334 2³? *
473 m. 10 908. 493 nii.

106, 957 ·· - 11 ·‚ 908
370 14 « 493 xiv.
ss„ ⁶ 15 = ib.

1 19 179
ib. 95 .- , 339,437

116, 171 1 σοι. ‚

877, 894 i. 11 908
368 19 178 '.
ib. 18 , 473 1Υρ

’ 394 . 97 . 179
418 - 98 - ib.

95,119 Α 31 367
489 11⁶ 8 , 91

1 19 135
199, 409, 489 iv. 11 ¹ 357

’ 114 19 487 gvi.
804 91 437

3ο4,375 v. 9 483

1, 493 19 379, 404
439 τι. 3 957 i.
460 6 368, 404
443 8 368, ib.
84 11 - 48 ii.
418 13 406
341 16 > 57
419 19 150
394 vii. 3 -996, 973
488 5 55
193 7 33, 82 iii.

168. 879 10 418
389 18 17, 478
304 91 473 v,
418 27 ib. viss
438 99 394 Α
470 36 46 viii.

9,1οι viii. 1 145

458‚501 lo 196
458 ix. 9 457 ιχ,
97 15 481 ,
44 16 937 1.
395 18 995
16 94 44
85 25 274 xi,
419 x. 18 17
ib. 16 439
395 17 ih. xii.

- 106 94 989

370, 398 97 61,93ι

370, ib. 33 989, 447 xiii
364 xi. 4 133

93,401,498 5 463

93ο,381 6 137 i.

930 7 ib.

73 18 478

15 90 - 69
955 99 335 ii.
9 96 487
394 xii. 1 825
188 11 348 iii.

Cum

516-

15
l 67
255

ω,
220
377
480
482

⁵ 478, 470

282
2
448
24
198
899
488
894

344
109
341

448
488
882
87⁰

⁵
448
127

2
846
257

³7⁵

ib.
441
875

104, 407

228
178
394
183
179
181
478
289
114

15
182

ib.

