⁰:151

xvii.
iviti.

411.

ni.

¹⁸11.

ver·

15
28
26
28
29
33
36
51

Ῑ52

58
87
4
6

‚ 10

13
24
25
31

5

6

9
12
16
23
24
28

l
ll
12
13
17
18
26

9
24

6

8
9

19
23
24
27

4
22
29

< 1

2
12
13
23
32

7

9
21
42

4

8
10

’ 13

21
25

Locorum BIBLOEORUM.

'⁰325‘ ²211.

134

134

22, 477
368, 463
322

33

473

47

197

. 17

58

282

96

207

450

436

15

126, 151
369, 401
33

401, 426
225

449

85

153

357

452

370

ib.

247

304

5

451

. 476
473

480

ib.

ib.

431

161

ib.

457

48

335

33, 82, 179
463

431

- 97, 395
199, 431
97

477

32

385

255

452

105

494

· 428
306

179

58

xxiii.

xxiv.

XXV·

xxvi.

xxvii.

xxviii.

ver. . paq. Pssp·
43 9 ιιι,
13 147
23 153
25 428
27 ib. iv.
28 ib.
84 294
2 473 Vt
8 482
32 322
38 59
41 58
43 212
8 176
9 865,401
10 122
11 ib. vi·
14 336,506
19 161
35 212
’2 114
10 425
14 ‚24
2ο ib.
36 302
42 ib.
47 24
54 396 vii.
56 504
66 146,458
74 80
2 33
4 20
6 299 viss.
10 266
17 477
19 141
22 425
24 “ 420
42 153 ix.
57 30, 204, 377
60 461
1 1091193421 x.
14 8⁵9
16 24
xi.
MARC'·
1 501
5 347 xii.
14 321
30 28
44 78
45 265, 299
1 89, 67, 295 xiii.
2 179
3 295 xiv.
4 189
9 81
11 ib.
12 171
14 314
21 176, 295,418

ver· .

· 37

511.
¹353

12 ἳῧὲῑ
17 397
5 351
10 348
29 80
2 463
5 475
7 451
· 8 231
19 484
23 81
26 231
41 32⁷2
42 80
7 163
16 88
23 171
26 469
27 . 63
32 431*-
33 207
36 135
3⁷ 28⁷, 4⁵6
39 447
51 308
3 438
4 4738864384
7 , 426
11 126‚151
34 397
36 303
1 474
4 1 428,467
, 7 370
12 437
14 238
32 438
11 367
27 429
87 482Α
33 ” 395
93
41 161
1 1 61
13 406
32 411,505
2 436
15 422
32 421 ,
41 135
42 135,199
13 421
34 506
15 44,2]0
18 431
20 ib.
40 316
41 188
49 367,504
51 92,285

