a?

o
Ἀζῖ.

i'. ⁴⁶..

' viii.

xfiL

κὴ.

S
&mam

xviii.

aeaezz-aeaekqssnssssaeaeeqfflaeffim

κὴ.

177, 505, .
179, 839, 349 ⁴

314, 4⁹5 ἶ
253

 

Loconuwmmsoonum.

μζ

254
16

184,550
498, 453 , ⁷
212 .
228 5 .

33

494 2³ ,
438 ’ ,ζ
82 ⁴ -
252Δ τ
488 ’

ib.
428

314 ’”
343, 445

483
482

80
504
480
473
225

65
367
225
504

ib.

231
225

367, 504
379 · ι.

ib.
65

65, 295, 342

65

ib. .

438
ib.
31 3

179, 486 >

421
438
473
477
127

339, 480, 484

,83
58, 85
421
127
218
109

486’

314
ib.
ib.

405

455 ⁰⁰⁹
301 ·.

vii.

Acron.
ver.

2
3

513

Μ·
224
33, 264

4 33, 370, 379,

6

-26

8 176, 235, 288
10 227
11 224, 448
13 11, 209
14 ’ 82
15 349
17 ,140
21 212
22 224

⁷. 24

1 γ 95, 110

4 ’ 66

5 ·. 379
1 1 .. 97, 256
14 24
17 295
23 273
27 .. Δ 71
33 · 826, 379
37 133. 304
39 ; ν348, 357
41 · 437
46 87

5 201, 227
l 3 370
22 453 ⁷
24 Δ ι 46, 493

1 · ῖ 126
15 43, 54
16 46
2 l 15
29 452

2 , 176

4 367, 482

5 37, 242

7 66

8 293, 42 1

9 367
m :ss
16 135
2ο 78
21, ib.

126

32 493
34 254
36 ’167
39 271, 365
401, 406

42 , 87, 238

1 80

2 χ 306

8 445, 475
11 266

1 333

21„

411,430, 474.

153

