556

974, 977, 981, 934, 935, 936, 937,
933, 993, 994, 995, 997, 993, 300,
303, 305, 307, 309, 310, 311, 319,

313, 315, 316, 395, 397, 339, 334,

335, 340, 341, 349, 343, 344, 345,
346, 343, 349, 359, 353, 356, 357,
353, 359, 360, 363, 366, 363, 370,
371, 374, 377, 373, 379, 330, 331,
339, 334, 336, 333, 339, 394, 399,
409, 403, 406, 407, 419, 416, 419,
491, 494, 495, 496, 499, 43οἶ 431,
439, 436, 439, 441, 449, 445, 449,

45οζ 452, 456, 462, 464, 470, 478,
485, 494, 502

Lucillius, 192, 225, 234, 237, 256, 320

Lucretius, 144', 425

Lutherus, 314

Lycophron, 130, 916, 221, 237, 329, 478

Lysias, 74, 77, 121,174, 209, 212,
273, 277, 386, 838, 503

Maasvicius, 465

Macarius, 54, 82, 88, 108, 126, 228, 501
Macedonius, 161

· Maecius Quintus, 42

Magnus Medicus, vide Hippocrat.

MZ};Joh.Henr·Junior,22, 141, 370,

Malchuu, 207

Maneth0‚58,71‚ 149

Man geius, 57

Marcellus, 59

Marcus Eiemita, 57

Marinus, 54

Marklanduss 485

Marmora Oxoniensa, 43

Martialis, 357

Matthias, 315

Mauricius, 105

Maus-aeus, 79, 492

Maximus Tyrius, 15, 29, 49, 70, 95,
141, 169, 170, 173, 184, 196, 207,
215, 233, 240, 244, 251, 257, 283,
297, 299, 386, 354, 857, 377, 426,
443, 457, 483, 500

Mazocfflus, 188

Medus, 87

Mela, ’132, 177, 221, 251,’ 447

‘ Melampus, 95

Meleager, 41, 46, 142, 271, 805, 337,
868, 371, 464
ΜειΙῘὸεηιεπε crit„ 2, 5, 12, 40, 42, 70,

Menander, 39, 110, 130, 148, 149, 179,

356, 481
meursius, 68, 79 '
Michaelis, J. 13,, 33
J. Heiir.. 65 et alibi.
Mitsoherlichius, 63, 938 ’
Mnasaleas, 971
Mnesitheus, 819, 392
Moeria Atticista, 36, 62, 101,109,123,
146,177,199,903, 905, 39'1,335‚ 346

 

INDEX 111.

Meuius, 87
Monffaucon, 45
Moremus Ai1dr„
Morus Alex„ 44
Mosehop 111119, 23, 52, 264 a
Moschus, 13, 73, Hostes, 837, ³89,
MunckerusTlio„ 99, 213, 814 , ,
Murator, 199 -

Muretus, 330, 485

Musaeus, 4, 51, 143, 156, 824, 842
Masculus, 121

41<*x

Musg ravius, 84
Musonius, 145
Musurus, 337
Myrinus, 143
Myro, 237, 495

Needhamus, 65

Nicaenetus, 72

Nicarchus, 428 .
Nicephoru’s Gregor„ 80

Nicolaus Damaso„ 1²3

Nicomachus, 398

Noldius, 304, 488, 452, 474, 477, 482,
Nonnus Dionys. ., 119

Observationes Miscellaneam, 93 45, 51,
56,116,197, 169, 135, 26'0, 991,
24⁹⁵, 959, 40’1 ,

31ἶὲ1ξῖῗ (igtur. ., 41, 64, 990, 939

ἓξὲἒὲιῗάεῗῗξὶ, 12, 17, 88, 57,66, 86,

97,131,146,15o, 166,188‚197‚
217, 220, 235, 240, 245, 246, 256,
257, 278, 279, 280, 282, 302, 391,
398, 338, 349, 370, 398, 408, 443,
445, 460, ’463, 465, 472, 482, 2186, 498
Oppianus, 25, 29, 991, 2,78 809, 474,
Oracula Sibyll„ 11, 46, 143
Oribasius, 176, 205
Origenes, 133 1
s.10
gigiigu's, 7, 59, 99, 105, 190. 909, 305

33111ἷ1ἶο11ἐιῖῗὶ1.111’3,’659.56,107,9·07.“

ἠ’ ἷξον, sce. 29, muman&

957, 319, 335, 333, 460, 416, 499,
451, 464

Paeanius, 1'7, 91, 37, 38, 43, 81. 157.
163, 171, 179, 177, 179. 10οῘ 131.
139, 135,139, 905, 940, 944, 977Ξ
979, 994, 310, 314, 391, 395, 347, 403,
419, ’49οζ 443’, 444, 459, 463

Palaep hami, 49, 54, 36, 99, 105, 193,
163,199, 934, 339, 350, 351

Palairetus 842
Palladas, 150, 909, 963, 435

 

