554 ¹ ,1NDEX 111.

96, 100, 116, 121, 123,134, 142, 160, Homerus madir„ 36, 72, 113‘;117,134, ,

 

 

 

 

 

 

 

 

 

 

 

 

 

 

 

164, 163, 130, 207, 230, 235, 240, 136,139,150,160, 203, 235, 236,
246, 251, 264, 279, 231, 345, 354, 244, 263, 294, 325’ 330, 429, 435,
355, 406, 454, 464, 496 440, 461, 469, ’474

Herodotuslib. iv.,12,27,49,50,51, 109, Iliad. Δ., 8, 20, 38, 96, 184, ,
117, 118, 129,133, 168, 172, 174, 144, 173, 132, 294, 295, 299, 309, --
193, 210, 234, 236, 276, 266, 291, 331, 413, 421, ’4,41 ’446, 453 ’

325, 345, 350, 413, 437, 465 11146.2.,,25’47, 117, 113,133,
lib.v., 27, 54, 56, 66, 94, 132, 167, 163, 221, ’232 235, 236, 250, 296,
,, 134, 197, 206, 210, 219, 234, 265, 311, 319, 321’, 327, 356, 376, 433, 506
296, 315, 350, 351, 436, 485 11iad.z’.,107, 114, ’117, 124,
lib-vi-‚63‚ 70, 95, 125, 164, 146, 157, 913, 221, 230, 311, 312,
172, 164, 167, 196, 199, 204, 234, 366, 373, 406, ’419, 466, 473
257, 279, 286, 288, 298, 315, 32611146 n„ 16, 66, 63, 102,121,
331, 336, 358, 436, 437, 464 165, 205, 245, ’372, 406
lib-V11·,55‚ 63,22,76,83,86, Iliad-8„112,124,182,198,
90,93,95, 102, 108, 110, 131, 132, 299, 302, 331, 363, 376⁹, ’400’, 421,
139,14ο,146,156,173,162,2ι7,234, 441, 450, 459, ’463, 497
245, 246, 254, 271, 272, 273, 279, Iliad. 1. ,32 43,71, 79, 107, 124,
286, 298, 313, 329, 338, 351 149,170,171,17’7, 190, 212, 222, 232
lib.viii.,12,14‚ 32, 49,61,75, 244, 266, 271, 275, 263, 234, 311, 337,
76, 33, 95, 103, 119,‘125,129, 139, 364, 365, 376, 376, 366, 369, 423,
142, 146, 159, 162, 196, 197, 233, 427, 434, 449, 492, 4’95, 497
245, 278, 279, 291, 323, 331, 332, nia’d. K, 90, 96, ’113, 204, 226,
346, 357, 360, 362, 437,460 257, 299, 364, 365, 37⁹6, 363, 339’

--·- lib. ix„ 55,62, 63, 70, 73,75, 11144. A., 14, 72, 124, 133, 203,
109, 125, 132, 133, 134, 139, 174, 215, 232, 313, '364, 369, 416, 419, 469 —
190, 193, 205, 244, 245, 276, 266, 1ι1ἐι(1. Μ., 62, 72, 113,123, 166,
315, 437, 443 221, 453

Hertelius, 102, 207 Iliad. N. ,,78 137, 144,155,166,

Hesiodus op. 7, 23, 30, 46, 50, 51, 69, 221, 247, 253, ’,422 446, 459 »
73,34,116,122,145, 196, 212, 236, nia’d. ε, 36, 202, 272, 424, 429,

 

 

 

 

 

 

’ 248, 309, 313, 328, 388, 392, 398, 431
420,·436, 439, 445, 455, 488 Iliad. O, 59, 165, 203, 208, 298,
Theog. 16, 33, 79, 82, 113, 176, 314, 321, 328, 396, 419, 431 ⁷
212, 213, 218, 311, 328, 434, 441 -a--lliad.11.,3,17,36,32,112,222,
Scut. Herc„ 116, 441, 468 230, 251, 312, 325, 368, 458 ’ ’
Hesychius, 8et passim. ν Iliad. P..2, 17,35,96,107, 185,
Heumannus, 395 251, 285, 369, 407, 412, 424, 470,481
Heusdius, 53 “ Iliad. Σ., 51, 60, 89, 157, 235,-
Heusingerus, 23. 80 329, 364, 399, 407', 412, 44'9
Heynius, 32, 43 et alibi. Iliad. Τ. ,242, 324, 325, 423, 50⁰-
Hierocles, 184, lliad. T„ 422

 

 

 

 

 

Himerius, 312 .-—-1lia‹1. ‹1›., 12, 76, 131, 292,)1·‚1‘
Hindenbui'gius, 472 ’· 313, 362, 369, 434, 456 “
Hinlo pen'„ 87 Iliad. X, 65, 86, 152, 1’,57 204,
Hippocrates, 44,111, 140, 229, 242,26’3, 230, 237, 242, 369, 449, 46³6 ·
269, 312, 337, 357, 367, 374, 393 1119ὀ.Ψ.,12,14,26,68,71,76,
Hirtius, 95, 197, 357, 434, 483 90, 150, 212, 215, 244, 253, 299, 328,
Hoehzlinus, 330 33⁹8, 350, 446, 447
Hoeschelius, 57 156 Iliad. Ω., 12, 79, 101, 133, 302,
Hombergius, 97, 131, 365, 437, 446, 307, 323, 362, 406 -
453, 475, 479, 494 odyss.A.,58,122, 210, 309, 2
Homerus Iliad A„ 24, 34, 39, 78, 96, 364, 389

104, 110, 113, 117, 120, 121, 124,
132, 160, 190, 194, 207, 215, 931,

06155. 3., 160, 166, 139, 274, 461
0639,.Γ.,15ἐ1,197, 423, ’436,

 

 

 

252, 234, 293, 306, 326, 339, 376, 439
397, 402, 416, 417‚⁴424, 440, 447, odyss. 4., 96,117, 157, 132,
457, 461, 480, 498, 502, 503, 506 186 357, 457 -

-111ᾶᾱ-Β.. 21, 25 40, 41, 43, 53, Od}ss,1:,101,102,123, 921,

 

 

114, 124, 154, 221, 232, 234, 24,9 257, 299, 369, 412 -
290,302, 332, 363, 372, 393, 395, 419, Odyss z., 90, 491

, 421, 449, 461, 468, 469, 488, 495, 500 odyss. H., 214, 218, 21³

 

 

