550

Aristarchus, 507

Aristeas, 83

Aristides, 10, 27, 41, 50, 138, 157, 184,
903,299,504

Aristo, 32

Aristophanes Acharn. 13, 16,18, 29, 31,
52, 72,115, 197, 133, 145, 151, 161,
163, 167,170,913,219, 269, 270, 276
997, 319, 360, 367, 374, 376, 434, 488.

Αν. 5, 59, 68, 73, 74, 83, 110,

117,195, 152, 169,181,199,197,198,

222‚231, 236, 243, 261,266, 287, 294,

299, 314, 334, 347, 355, 371, 391, 400,

408, 418, 424, 437, 485, 492, 502

· Eccles„ 7, 19, 21, 52, 54, 57,

’ 61, 62, 68, 73, 89, 91, 96, 98, 102, ⁹:107
122, 132,145,146,153,175,184,192,
198, 201, 212, 215,226, 228, 252, 273,
294, 297, 299, 316. 334, 335, 346, 368,
371, 396, 444 459, 465, 491, 492, 494

Equi't, 7 13, 18, 19, 26, 44,

50, 55, 58, 63, 69, 94, 98, 117, 122,

128,14'0, 145, 146,' 150, 15'9,164’, 165,

187,189,195‚ 196,203‚215, 926, 236,

238, 261, 289, 295, 297, 304, 307, 326,

330, 334, 346, 363, 375, 400, 403, 419,

422, 427,429,434,435,443

Lysistr., 7, 12, 14, 23, 58, 70,
91,96,98,99,119,127, 139, 143,159,
162,195,201, 211, 913, 219, 236,243,
965, 968, 315, 316, 340, 352, 354, 371,
382, 435, 487, 499

' Nub„ 13, 22, 23, 96, 60,

 

 

 

 

 

67, 70, 81, 86,105,128,134, 136,143‚
145,150,162,164,187‚ 200,911, 218,
299, 930, 239, 944, 959,264, 966, 311,
316, 341, 350, 354, 360, 365, 366, 374,
394,4οο, 404,406,407, 410, 411,412,
414, 415, 419, 498, 435, 438, 449, 443,
444, 465, 466, 467, 475, 487, 491, 494,

496,,497, 501

 

416, 422, 424, 448, 449, 455, 470, 499
Ρ1111., 6,ll,14,18, 19, 3'7,41‚

 

43, 63, 68, 69, 98, 121, 127, 128, 143,
162,164,169,170,]71,174,175,184,
194, 195, 196, 200, 203, 206, 211, 212,
215, 226, 230, 238, 240, 249, 262, 288,

292, 294, 296, 300, 316, 318, 334, 336,
341, 375, 384, 391, 393, 402, 405, 406,
410, 412, 413, 421, 425, 426, 431, 438,
463, 470', 472, 488, 489, 501, 502', 503
Ran„ 30, 82, 84,98, 99, 115,
129,197, 138,175,195,196, 903, 915,
299, 224, 944, 250, 262, 297, 307, 396,
333, 340, 369, 364, 380, 387, 400, 418,
421, 443, 464, 478, 491, 492

Τὴεεηιορὴ. 29,δ 54, 91, 107,

 

 

Pac„ 60,90,100,110,199,139,
’ 143,145,156,161,169,170,176,177,
181, 184, 188, 900, 901, 913,919, 994,
996,936,938,943, 244, 959,969, 276,
295,319, 369 400, 406, 407, 410, 415,

IN D wa 111.

108,123,197,137,143,187, 999, 999,
300, 316, 318, 339, 357, 371, 372,384,
399, 461, 497

Aristophanes Vesp. 18, 19, 40, 57, 58,
69, 75, 78, 81, 113, 116, 122,12”1, 180,
159, 1’81, 188, 194, 200, 214, 217, 219,
228, 239, 289, 294, 302, 334, 357, 362,
365, 367, 380, 393, 396, 400, 464, 494

91³'r1'21gm. 104, 139 161,177,
208,216, 973 *f

Aristoteles Rhet. 13, 383 , ·

Poet. 38, 53

Ethic. 339, 409, 501.

Polit. 245, 304, 459

Miscell. 25, 47, 67, 76, 105,
118, 149, 168, 170,217,229, 268, 328,

Amaldus, 17

Amtzen, 38

Arrianus Diss‚ Epic. 13, 106‚150,158‚
100,116,131,170, 171,208, 210,216,
225, 226, 233, 248, 249, 255, 264, 277,
278, 285, 289 303, 350, 374,381‚ 386,
388, 442, 453, 479 -

Indic. 301, 302

Tace. 240, 359

de Venat. 380

de vita Alex. 3

Artemidorus. 3, 11, 20, 29, 30,45,73, 92,
95, 100,127,131,147, 170, 177, 199,
213, 259, 954, 955,958, 995, 309, 340,
343, 346, 348, 357,386, 454, 475

Asterius Amasenus, 185

Athanasius, 295

Athenaeus, 3,12, 18, 19, 22, 26, 29, 30,
34, 36, 40‚41‚61‚65,73, 84, 87, 103,
104‚112,120,125,129, 135,145, 169,
163,165,175,180,181,919,215,917,
224, 238, 245, 254, 256, 259, 270, 276,
305, 319, 355, 373, 384, 392, 394, 435,
440, 449, 464, 466, 495, 497, 500

Athenagoras, 30, 81, 82, 84, 98, 133,
299, 352, 355, 372, 444, 495

Auctor Demonstrationis Chronographi-
cae, acomhefisio editae, 31, 35

Emendationum in Menandri et

Philemonis leliquias‚ 149
de Bello Hispano, 39⁵
Vitae Theodori Grapti, 14, 1170,

 

 

 

 

 

 

Exp ed. 17, 25, 40,45, 48, 76,

 

 

 

 

 

 

 

357.

 

incert. de Thucydz, 436
Ausonius, 156
Automedon, 23

Bachius, 296

Barbucallus, 170

Barlaeus Ι..61111)., 389, 502

Barnesius, 50, 166, 195, 289, 382, 389
Basilius, 76, 82, 112, 158, 328
Bastius,130,167

