’519

αρψ·
x1v. 7 1

x'v. 8

xvi. l

ii. 1

iii. l

iv. 1

ver.

218,267,493

448,459
3‚321
350

153
370,476
124

387

153
209,367
347,448
442
205,347
289

,21

58

241

275

377

475

 

 

INDEX 1. .
cap. {q ver. paq.
iv. 26 [58
v. 2 9

3 195
4 70,977
5 70,421

12 241

14 129,411

18 169

19 207

26 97
vL 13 377

16 11

17 50,347

26 425

30 334

34 335
vii. 2 38

6 127

8 290

9 153

42 335

45 357

viii. 1 87
5 273

20 468

22 326

31 347
ix. 1 163

2 · 425

3 870,389

10 348

11 304

12 61,499

13 502

14 447

28 377

52 202

55 314

62 179
x. 5 375

6 498
7 44,231

40 306
xi. 33 299

38 459

39 172

41 335

42 153

53 201
xii. 1 338

10 295

17 301

20 4”

26 403

36 32

39 212

42 45

47 239,451

48 22,289,451

53 ξ 33,82

59 199,205

58,153 xfih

7 61,868,

⁶413·
xm.

xiv.

XV.

xvi.

xvii.

xviii.

xix.

XX .-

xxi·

xxii.

xxiii.

ver.

8

9
11
12
17
21
25
32
33
35

7
12
13
13
20
28
32

7
12
17
19

8

9
16
20
21
24
26

l

2

8
11
24
29

4
14

24

30
2
4
8

12

20

26

16

26

30

34
2
4

9

12
26
42
51
52
58
69

8
14
15
29

mo-

, 101
101,496‚503
260

417

97

922

122

110
110,333
190,397
2οι,227
482

482

929

59

20

ib.

480

172

79

· ib.

411

4

880

494

467

80,442

226
898
480
229
949
847
104
,249
480
33⁵
179
218
207
171
848
429
ib.
294
89,242
134,822
257

450

126

477

” 44,210
878

504

339

126Δ
66,942
999,844
339
15,447
456

314

138,

