ΑυότσηυΜ.-

Theo philus, 14, 51

Theophrastus. 95, 64, *13 16,9ε,99,·“

100,116,120,153,174,176,179,
181, 197, 201, 216, 219, 269, 270,
328, 329, 334, 363, 402, 430, 440,
463, 469, 494, 505

Theo p‚hylactus 63, 402

Thirbius, 256

Thomas Mag-ist„ 3,10, 26, 61, 103, 109,
121,137,156,159,177,181, 183,

184, 196, 197, 211, 238, 247, 280, 299,

321, 858, 979, 409, 449
Thucydides lib. i., 9, 14, 25, 27, 65,

83,95,96,106,114,130,134, 155,

181, 182, 193, 197, 234, 244, 245,
281, 282, 292, 302, 336, 355, 381, 391,
407, 413, 426, 454, 166, 472, 475,

479, 492, 500
———-—lib.‘ li. ,,31 41, 47, 73, 184, 216,

221, 231, 239, 247, 295, 350, 408,
413, ,,426 481

 

130, 146, 179, 207, 278, 279, 323, 335,
338, 342, 344, 350, 391, 407, 497, 501
1ib. iv, 8, 17, 31, 47, 53, 54,

65, 80, 84, 123, 147, 181, 192, 197,
· 233, 248, 259, 273, 279, 392, 437, 465
lib. v., 41, 47, 83, 98, 111,
= 132, 205,245, 279, 340, 350, 474, 484

 

 

 

143,146, 181, 184, 221, 234, 256, 279,
996, 999, 949, 499, 441
. liban„ 99, 31, 34, 83, 99,

 

129, 139, 158,185‚ 217, 234, 279, 282,

287, 291, 295, 344, 498

lib. viii„ 3, 19, 53, 90, 126,
1 72, 233, 245, 279, 282, 286, 295, 344,
469, 486

Tiberius, 117

Tibullus, 13, 29

Timaeus, 18, 46, 69, 70, 71, 72, 92, 120

Timon Phlias, 56

Tollius, 481

Toupius, l et passim

Tragicus incertus, 133

Trillerus, 138

Tryphiodorus, 316

 

Turnebus, 163

Tyttaeus‚ 73, 152, 155, 332
Tyrwhittus‚ 137, 142, 481
Tzetzes, 46, 117, 186, 193, 388

Valckenarius, 26 et passim
Valesius, 58

Vaillantius‚ 11, 217, 409

Valla, 239 ⁷

Vannus, 22, 57, 225, 251, 361
Varro, 128, 210, 264, 294, 476
Vechnerus, 397, 485 ,
Velleius Pat„ 6, 8, ll, 109, 395, 432
Verheykius, 315

Vigerus, 15

- Villoisonus, 37ι

lib. iii„ 9, 27, 61, 65:10, 122,

lib.vi., 54, 59, 65, 69, 95, 126,

559 ·

vinetus Elias, Ᾰο2, 457 ’ ’

Virgilius Eclog. 13, 124, 207, 228,
257, 302,303, g319, 347, 391, 423, 424,
434, 468, 474, 482, 486, 488 -

Georg- 4, 92, 272, 506

AEn, gs, 38, 39, 59, 76 82, 85,

90,97,113, 114, 117,118,128, 182,

166, 182, 263, 264, 266, 268, 276,

308, 324, 325, 350, 398, 400, 411,

418, 424, 428, 441, 453, 455, 460, 472.

486,497, 499, 502, 506

Ciris, 503

Ulpianus, 89, 497

Vossius, 2, 20, 187, 503

Upton, 158, 270, 399

Vriemaet, 129

 

 

 

Ursinus, 73

Vulcanius, 403

Vulgatus Interpres Sacri Codicis, 38,
192, 249, 333, 394

Vulteius, 144

Wa g·,nerus 76, 320
Wakefieldius, 52, 163, 216
Walkerus, 67

Wartonus, 259, 271
Wassius, 154, 296
Wegelinus, 229

Weskius, 63, 249
Wellerus, 46 et alibi
Wesselingius, 24
Wetstenius, 220
Whelerus, 75, 94, 292
Wolfius Joh. christoph.. 22, 28, 35, 68,
Wollius, 7

Wowerus, 66
Wyttenbachius, 2, 68, 132

Xenophon Cyl-op„ 8, 13, 18, 24, 36, 40,
42,,,4950 70, 73, 76, 7¹7,8„28488,‚
94, 9,7 108, 110, 116, 1191120, 128, 132,
133,135,136,143,147,157,160,166,
170, 174, 179, 190, 204, 206, 207, 208,
219, 220, 221, 227, 234, 240, -249, 256,
257, 278, 279, 281, 282, 292, 296,
297, 302, 303, 304, 308, 313, 334.
339, 341, 344, 347, 348, 349, 350,351,>
354, 369, 370, 879, 399, 403, 418, ⁴
422, 429, 437, 441, 447, 448, 456, 458,
462, 463, 465, 466, 486, 499, 502, 504Δ

Anah„ 12, 96, 39, 34, 36, 53,

55, 65, 92, 110, 116, 120, 132, 136,

139, 155, 160, 173, 204, 219, 239, 240,

266, 300, 350, 418, 441,454, 464, 465,

467, 472, 475, -489, 500, 503

Hist. Gr„ 18, 54, 68, 70, 93, 139,

147, 196, 198, 204, 215, 237, 248.

297, 300, 347, 379, 392, 499

Μεηιοπεὼ., 34, 40, 50, 58, 61,

85, 147, 167, 184, 191, 235, 257,

270, 286, 322,’356, 376, 394, 462, 467,

472, 481, 484, ‘186,-491, 494, 507

 

 

 

