Danzius,131

Davisius, 17 .
Dawesius,19,195‘, 226 ἡ
Demosthenes, 10, 54, 60, 62, 74, 77, 94,

125,157,172,184,190,196,197,199,
201, 256, 279, 291’, 293, 353, 367, 400,
40 4, 426, 440, 470, 475, 497.

Devariua, 406. 411, 470, 476.

Dicaearchus, 219, 336

Didymue‚311‚ 442

Dilherrus, 453

Dinarchus, 256

Dio Cassius, 27, 29, 48, 50, 51, 52, 53,
53, 75, 87, 101, 147, 169, 179, 180,
131, 190, 206, 211, 221, 234, 240, 254,
301, 304, 309, 340, 343, 344, 345, 353,
418, 456, 485

Dio Chrvsostomus, 19, 24, 73, 103, 127,
163, 1’73, 323, 404, 471, 483

Diodorus Siculus‚9,10,12,15,16‚24‚

,30 32, 33, 37, 38, 39, 40, 42,

47,49,52, ’55, ⁹58, 61,64, 65, 71, 79,
80, 82, 37,91, 100,103, 104,110, 117,
119, 120,130,131, 133, 135,133, 139,

, 140, 142,148, 154, 156, 157, 159,166,

*⁴³2* {23:1¹313⁹28¹23¹1431²2431⁷3135
189, 190, 196, 197, 199, 211, 213, 216,
2201235, 240, 241, 245, 246, 249, 251,
254, 255, 256, 257, 258, 273, 275, 276,
277, 278, 283, 236, 238, 290, 292, 294,
296, 299, 300, 301, 308, 309, 324, 339,
340, 342, 345, 346, 347, 353, 370, 376,
379, 331, 399, 401, 415, 427, 428, 430,
448, 465, 479. 489,493

Diogenes Laertius, 36, 38, 47, 84,
99, 126,143, 156, 173, 137, 201,
{g} 261, 270, 275, 337, 3212, 345, 348,

Πίος-6111611118, 156

Dionysius Halicamassensis‚ 8, 10, 12,
20, 27, 28, 29, 32, 33, 35, 38, 39, 45,
46, 47, 48,’ 49} 5o‚’51‚ 53, 54, 55, 57,60,
61, 64, 65, 69, 70, 74, 76, 91, 94, 99,
103110, 111,’119’, 12’0, 121, 123, ’125,

130, 138, 139,140, 143. 144,148,149, ,

152,155,156,158,159,160,162,171,
172,173,174,175,130,181,182, 134,
185,186, 190, 193, 197,207,210,218,
220, 221, 222, 226, 230, 231, 232, 235,
238, ²89, 240, 244, 245, 246, 250, 258,
260,266‚ 269, 270, 273, 279, 281, 283,
285, 292, 300, 301, 308, 313, 317, 318,
325, 327, 333, 334, 336, 339, 340, 342,
345, 349, 353, 35 4, 358, 369, 375, 376,
378, 332, 403, 411, 431, 437, 441, 459,
460, 465, 466, 472, 498

Dioscorides, 173, 263, 274, 350

Diphilus, 273

Donatus, 84, 268

Dorviilius, 9, 35, 54, 60, 64, 69, 71, 85,
173, 193, 243, 251

Drusius, 21, 85, 141, 211

⁴* 1NDEx 111.

Dukerus, 31, 34, 188, 192, 80⁸2 θυι
479, 4'81, 482 , ,

nundassius,160

Du psortu, 25, 64,69,80, 88, loa, 1152»
296, 297, 328,- 494, 504 ν

Edzardus, 109, 151

Eldikius, 124

Elsnerus, 30, 306

Empedocles, 142

Empiricus Sextus, 19‚104‚ 160, 128.
228, 243, 261, 280, 320

Ennius,117‚ 425

Ε ρίεὴωιηιιε, 141
ΕΡ15131115, 11, 27, 36, 122, 167, 208267,

= ΕΡ313νζ416, 426, 45⁹0

Epigrammata, 1’1, 19, 32, 38, 40,41,46,
49, 57, 84, 113, 1’33, 141‚142‚ 1⁶8.
155, 1’58, ⁹217, 21,8 ',2³o 293. 308.
306, 309, 329, 380, 339, 848, ΜΒΝ..
358, 369, 394, 404, 416, 478 ·

Epistolae Socraticae, 60

Erasmus, 75, 327

Erdfurtius, 34

Erneptius, 32, 462. 507

Ery cius, 124

Eschenbachius,105

Etymol. M., 13, 58, 83, 90, 104, 151,
189, 237, 243, 256, 281, 828, 840

Euclides, 57, 283

Evenus, 381

Eunapius, 28, 76, 269

Euripides Alcest„ 32, 72. 73, 87, 116,
111, 112, 118, 122, 158, 189, 209, 81⁰,
335, 376, 421, 422, 4 476. 479

Androm„ 50, -05, 142, 164,

185, 196, 314, 375, 390, 435, 44⁰,

 

Bacch.. 43‚62, 116, 173, 179,
197, 254, 275, 391, 446, 448

Cycl.. 14, 138, 159, 196, 229,
252, 322, 375, 431, 435, 444, 446, 450
Electra, 50, 81, 36, 110, 125,
127, 190, 253, 339, 373, 419, 431, 435,
Hecub., 38, 53, 72,87,105,
106‚173‚ 197, 201, 208, 243, 306. 329,
373, 376, 437, 460, 469, 477, 436
Ηο1011.,15,39,77, 107,144,
154, 164, 186, 212, 254, 335, 375. 376,
390, 391, 424, 427, 432, 435, 445, 433
'Heracl‚36,118,156.166 173,
’ 200, 376, 443

Herc. Fur„ 20, 32, ⁴108,l1‘18⁹
142, 173, 175, 191, 204, 375, 419, 424,

 

 

 

 

 

 

 

‚ 470

 

Ηίρρο1., 14, 50,117, 141, 143,
167, 180, 253, 440
10n., 23, 53, 57, 93, 94, 126,

 

141, 150,160,179,195 225, 2911322,
351, 372, 332, 403, 412 423, 432, 464
11111. 111 Aul.. 3, 43. 58, 107,
119,132,164,173,1’75,233,317,341’

 

