INanm.
‘AUcToRUM

‘t

amemus p. 17,97,39,34, 41, 51,
87, 150,192
Ᾰὼιω . . 180
Achmea'l'atius 74,111,141,179,217
223, 239, 255, 288, 290
Δὼιιια, 66
ElmmsdeNnt. Anim. 38, 41, 61, 117,
141,157,168,185, 226, 801, 305,
824, 827, 882, 411
-w———Fmgnn 139, 367
Var.Hist.12, 18, 21, 23, 95,
97, 23, 99, 33, 34, 37, 38, 41, 54, 56,
57, 59, 64, 67, 74, 77, 79, 80, 81,84,
85, 86, 87, 98,95, 96, 97,106,119,
190, 193, ’197 ,198,144,146,159,168,
. 170,177,178,179,184,185,187, 189,
191, 194, 197, 200, 206, 211, 215 ,218,
829, 289, 244, 246, 250, 25,4 255,
956,958,Ξ159, 2’64, 966, 973, 230’, 987,
291, 292, 299, 800, 801, 303, 306, 308,
809, 314, 318, 326, 327, 328, 332, 333,
384, 388, 339, 340, 343, 350, 355, 364,
379, 373 375’ 377’, 378, 394’, 329', 400,

 

⁴03, 410, 411, 415, 417, 419, 420, 422,
424, 429, 434, 439, 443, 445 ,446,447,

449,450, 451, 453, 456,458,460, 466,
479, 488, 486, 489, 493,494, 497, 506

Ᾱζω111119 ponus, 889

mammet„ 56, 916, 317,350,395

AEnigmta, 4⁹69, ’485

mines, 3, 99, 37, 48, 86, 189, 908,
941, 960, 981, 9’99, ’308,391, 336, 338,
459ζ45ᾰ

AEschy 1115 Agamem. 15, 128, 152, 192,
289, 240, 285, 806, 413, '485

-2-611021111..3·1, 116, 174, 358,
384, 403, 410, 471

timei„ 12, 338, 339

Pers„ 48, 329, 888, 408, 426

Ρ10111.1νί1101.,14,20,108,131,

149, 185, 190, 996, 953, 365, 404, 430,

469, 471, 478

Sept. c. Theb, 461

SuppL, 40, 54,181, 284, 824

empus, 70, 357’, 430, 459

Αςέζξειιεω, 98’, 49, 51, 114, 176, 976,

Agathino, 216, 221, 254, 305

Alcinous, 30, 148, 163

 

 

 

 

 

κ

Auci phron, 9.11,21,84, 85, affimant·
50‚60 60„⁷0 72,76,108, 110, 112,1212
126,129,136,189,140,161,175,184’

1112110, 84,190 2⁴

Ammianus, 78, 268, 806

Ammonius, 29, 37, 47, 84, 28, 110, 154,
169, 194,935,309

Amyot, 87

Anacreon, 29,96,141,188,’ 280, 257,
303,30'1‚ 337,8,58,361)3ω,ςω3 ⁴⁵⁹!

Α11381185,819

Anduc1des‚ 54 888,460

Anna Fabri, 877

Anonymus de incredibilibus a ’ΠΙ Ga
leo edituo, 272

Anta ἕοω5, 231 ,

Anthologna Graeco, 254, 290, 308, 961

Antipater Sid„22‚113‚11·¹,22·1,2oe‚
340, 365, 366 464

Antipater Thessal, 222

Anti phanee, ¹13, 181, 259

Antiphilus &mest-11

Antoninus M., 65, 66,196, 201, 271,
365, 393, 396, 399,401, 406

Antoninus Libernl„ 22, 87 124, 164,
175,191,194,907,’91ἐ,941,310,399,
323, 480, 438,442,4⁴8

Anyte, 313

Apollinari-as, 386

Apollodorus, 88, 87, 158, 154, 482

Αρο111111111115, 18, 337

Apollonius Dyscolus, 22, 64, 160, 261

Apollonius Rhodius, 26, 80, 82, 59,
79, 74, 78, 96, 104, 107, 7113, 116, 91,
193, 131, 141,149,155, 165, 186,190,
199, 196, 199,901, 203, 222, 233, 944,
250, 281, 284, 308, 812, 826, 329, 830,

349, 858, 866,417, 422,435, 455, 465,

Appianas,61

Apuleiusstl

Arabs Interp , 452

Aratus, 848, 422, 428, 468

Archiasstw'

Archilochus, 139, 147

Arina Montanus, seam

Aristaenetus, 30, 34,99,139, 1⁷1, 176,
228, 319, 475, 486

