514 Ἴ,

vlit. 3

ki. 19
in, 10

1111. l

{We 14

paq.
³84

368
v344

, 409
833,415
64

368
453
80,801
180
486
133

486

381

167

89

481
290

86

446
393

- 91,394
’ 81
ib.

418

80
135,165
304
438
·,133,169
140

458
44,68
368

47

15

475

33

443
357

458

4

66

497
349
318

47

123

188
474,494
890
474
133

841
115,859
35, 314, 387
153

ib.

38

835

84

33.

'xv

xvi

issi.

xviii.

xix.

ih.

*Xifi

32²³ tf. ,Ἦ

30 ff '³43

39 ῑ· 248
3 247
4 *f ,821

12 474

’ 28 293, 421
5 425
9 · 178

19 · “ 828

30 . 20
5 ‘ .- 267

10 , 345

16 91, 344

18 , . 255, 346

25 452, 500
5 15, 411
’1 15

13 ; 63

21 » 131

22 . 470

24 371

25 . 131
7 48, 88

16 15

21 ι 255

22 421

27 · 499

28 344
2 156, 241
3 110
5 2ss
9 , 63

12 ’ 406

13 9

14 80

15 805196, 241

27 142, 250

28 63

32 380

38 428

40.31,190,241,380

41 » 80

43 ib.
6 54

15 264

17 362

19 469

,20 15

23 · 264

31 ib.

’ Rou-

1 369

2 9
11 325
13 - . 3110
715 2 173

1'6 ⁸ 451

26 . 58, 144

28 486

mmlx L .
ver. pay: cop.
4 55 xii.
15 116 ⁷
16 438
22 395 xxiL
1 395
7 101
17 14
20 417 xxifi.
21 232
23 377
24 370
34 302 niv.
36 87,888
38 371
14 115,133
200,260
33 208 xxv.
37 348 “
2 84
3 411
4 259
10 421
12 432
14 445 xxvi.
17 260
18 160,320
20 59
21 33
22 453
83 116 ιινϋε
27 33
29 48
3 256
6 410
7 115
10 328
12 ι 443
10 302
21 75
24 9
26 116
2 89
9 116
>13 452
22 341 xxviii.
23 116
31 8
35 7,847
36 488
38 - 112
3 256
4 431
7 109, 337
9 160,809 ᾗ
18 456
26 420
35 327
6 809
8 108
13 81 „
16 295

