558

Sallustius Bell. cat„ 9, 413, 481

Bell. Jug„ 9, 47, ’,135 466

Salmasius, 189

Snlmon R. ben Melech„

Sanctius, 2, 5, 11, 22 etvassim

Samot-ocima Jo. Casp„ 33

Satyrius Thyill„ 271

Scali g‚er 22, 247 »

Scap ula, 36, 37, 456 ⁸

schenen Lex Lat. Belg. .‚ 201

8611111ίά109 Erasmus, 80

Schneidenis, 162, 342

“ Schoettgenius, 57, 93 et alibi.

8611011811,- 426

Schrevelius, 288

Schutzius, 152, 469

80117781ῑί09, 8, 291

Schweighaeuserus, 284, 339

Scribonius Largus, 248

Se1denus, 247 v

Seneca, 205, 410

'Septimius Fiorens, 446

Servius, 414, 497

Silius Italicus, 400

Simeon Μ813ρ11189189, 374

8110111109 Rhodius, 135

Simonides, 157, 199, 451

Simplicius, 67 ν

Smithus, 19, 33, 45, 82, 94, 116, 118.
125, 126, 131, 266, 278 292, 334,
362, 364, 379, 39], 410

socrat. Epist„ 119

Solemus, 69

So philus, 149

Sop phucleaAj, 16, 35, 38, 55, 153, 160,
178, 219, J’,222 280, 306, 322, 390,
423, 424, 432, 441, 448, 449, 467,
474, 476, 500

Antig„ 3, 27, 34, 41, 55, 62,

83, 94, 123, 142, 170, 187, 191, 226,

264, 282, 359, 378, 390, 395, 403,

432, 459

 

 

 

480, 483, 490, 491, 492, 498

--’—-(1’‹:d.001.‚ io, 80,174, 253,
270, 284, 288, 302, 343, 8⁷4, 378,

388, 392, 432, 479

 

296, 338, 376, 392, 424, 452, 471

 

f 841, 352, 366, 975, 381, 444

 

213, 347, 467

Spauhemius Ezech., 29, 113, 138, 230,

262, 267, 285, 343, 414, 426, 461
Spartianus, ll

sponius, 19, 45, 75, 94, 116, 292, 336,

362, 409, 410, 441, 442
Summus, 131, 485

Eleon-„3 37,55, 90,107, 119,
128, 129, 144, 145, 160, 240, 259,
289,,’303 343, 369, 401, 421, 431,
432, 434, 437, 461„ 466, 469, 471,

OEd. Tyr. 139, 158, 194, 280,

Ριιὶιοοι., 16, 87, 94, 138, 142,
176, 196,,197, 222, 270, 299, 317,

Fragm., 62, 69, 87, 184, 201,

INDE X 111.

Statius, 406

Stephanus Byzant„ 36, 218

Henr„ 65

Stobqeus, 16, 64, 251, 336, 337

Stoeber, 327 ·

Stolberg ius, 452, 453

8109611109, 38, 59

Strabo, 112, 133, 135, 165, 185, 220,
221, 245, 272, 338, 381

Strato, 27,111, 115, 222,230, 293,Χ
307, 397

Suetonius, 4, 12, 24, 28, 62, 74, 106,
116, 263, 310, 319, 407, 416, 430,
435, 447, 471, 472 q

Suicerus, 162 > ’

Suidas, 44, 54, 56, 68, 84‚108',128,
168, 175, 181, 185, 205, 213, 231,
232, 352, 409, 491 ,

Sylburgius, 27,52, 118, 140, 198, 299,

Symmachus, 267

Synesius, 7,51, 79, 90,,149,, 181, 211,
261, 288, 305, 306, 333, 449, 493 ⁴

Syrus Interpres Novi Testam., 267, 418,

 

Tacitus Annal„ 8, 38, 82, 464

Mor. G'erm„ 6, 176, 295, 481

Tatianus, Paulus, 372

'‘:laylorus 74, 75, 126

Tennulius, 49

Terentius Adelph. 3, 213, 268, 385,
391, 453

— Andr„
404, 481

Εο11., 74, 84, 228, 280, 320,

 

16, 21, 96, 130, 208,

 

 

 

 

 

’ 481 Heaut, 5, 43, 239, 392, 474
Hecyr„ 161, 213, 217, 291
400 Phorm„ 6, 54,62, 160, 368,

Τ118111191109, 16, 23, 35, 51, 71, 73, 76,
85, 141, 143, 162, 185, 196, 242, ,244,
282, 3ι’7, 320, 326, 3⁹36, 338, 421,
422, 426, 481, 500 .

Themistocles, 46, 76, 173, 443

Theo. Progymn., 188 >

Theocritus, 13, 14, 16, 20, 22, 26, 29,
40, 42,48‚45, 49, 72, 81, 105, ’110,‘
118,122,ι23,124,139,146,155’, 184,

' 186,189,193, 207,208, 209,212, 215,

216, 221,’228, 237,238, 241, 251, 252,
254, 268, 274, 298, 303,·305, 309, 313,
316, 318, 322, 323, 327, 328, 329,330,
333, 337, 338, 341, 349, 350, 354, 364,
365, 366, 371, 373, 383, 385, 391, 397,
399, 416, 420, 422, 428, 460, 464, 470,
474, 485, 489, 500

Theod’oridas‚ 26

Theodoritus, 342

Theodorus, 422

Theognis, 102, 103, 105,‚150, 207, 298,
299, 338, 449, 457. 475, 480 ν

