A u c 'r o 11 u 11. 5⁵3
...94122241554η442449ς451,9ωροι.8ιιοωι.,381
⁴⁸⁸. 459. 467 μ- Georgius. 1522, 51. 85, 315, 489
Euipidulph.¹1'aur.‚82.w·t‚125, 142, Genera.. 202, 295 .
144, 2932 25 311, 559, 992, 395, ’429 mansius, 591

495,449 ,446’, 485, 492 ·

· hedo, 11, 32, 58, 93, 91,
198, 191,129, 142,151,118,181194,
991, 9211299515. 315, 589, 3911394,
499.419,424,429. 468, 592

-ψυ-οιιιιηω, 58191, 111, 128,
na, 142, 154, 158, 111, 113, 196,
nu, 294, 291, 258, 284, 288, 296,
298, 999, 541, 315, 412, 432, 449,
448, 448, 489, 463, 481

Phoen.. 12, 25, 32, 38, 43,

4841,52.18,39,98,198119,132,

192, 151,143,153,155,184,186,

115118, 194, 291, 293, 296, 212,

218229, 241, 258291, 324, 326, 315,

, 991. 223394, 391, 493, 494, 422, 421,

m, 443, 448, 458, 482, 461, 419,

414,-411. 482

111183..113,296,·253,254, 421,

&ppt- 1³· 32. 86, 93, 168.
ns. 254, 279, 448, 458, 459

“ Τῑοιά.. 27, 36, 51. 142, 229,

m. 494, 429, 452, 485

ψ anm„ 18, 331, 439, 441
Euhium 17, 138, 162, 173, 227, 288

nonachus. 92, 318, 870

Euthia, 1⁵, 88. 50, 60. 61, 89, 160,

 

 

 

 

 

 

 

188, 235, 247, 252, 275, 291, 307,

tw. 891. 49581 alibi
Eutropius, 50, 217, 347

1191191, 100, 146, 399, 426
Rubrium, vide Anna.

Pub-ricinus, 671 109. 112, 151, 248
mmmm. 51

, Pacius, 94,156

baninu, 385

Festus. 157, 260

minans. 199

macheras, 38 et panim

‘ mmo-ius. 992

Florem Chri-tinans, 143, 152, 221, 505
Bergan 272, 356, 399, 405

muz 140ι 103

Fomeninus, 108

Pani-ns, 152, 244, 289, 407
Frontinus, 273, 282, 821, 478, 479, 483,

fullerus, 85

Culmum 1⁵³, 220. 824
Galeas, 163
(haket-us, 31, 172. 196,.489
Goveuius, 51, 281
AEnens, 453
llius. 20, 37, 38, 141, 288, 399
Geminum

Glomjuriseivnis, 112
6112111119 Joh- Gemg. 84, 101, 110, 1³1,
Graevius Theodorou, 51
ὓωςειιίὶιιιΤερ hmsis. 68, 111, 299
Grego‘riu· 09118111.111,115,111,193,
Nummum 23,106, 264,
324, 375, 84, ⁴03, 503
Nyn. 198, 418
oddeccnn, 885

novius Jacobuz. 211, ³88, 892
Joh. Ftid. 9, 112, 176, 278,

295, 481

Grotius, 219, 259. 438

Hagenbuehim,13³

Hammondua, 44

Harmeno 11111118, 37

1911911,17,25,36,44,58,72,79,
1 9, 126,164, 172, 911, 217, 3⁸1,

«289, 384, 492

Havercamp’iuss 56

Hecataeu- Milenina, 422

Hegemo, 201

Hegesias, 155

Heinsius Dan„ 316, 451, 474

Heliodorus, 21, 51, 65, 98, 18⁰, 138,
185, 211, 212, 214, 294, 241, 255,
264, 284, 299, 938, 951, 441, 499

Hemsoerhusim, 36

Hencke, 85

Hephaentiom ⁴31

Hedugaz, 65

Hermes, 178

Hermeeiauax. 213, 276

Hermodemus, 184 ,

Herodianus, 7, 11, 28, 29, 31, 37, 29, 43,
45, 48, 59, 52, 58, 13, 93, 199, 106,
122,123,140,148,166,167, 175, 184,
203, 210, 220, 228, 239, 240, 242,
2⁵8, 260, 267, 280, 283, 291, 295,
296, 299, 818, 319, 823, 324³, 8⁸⁸,
347, 396, 438, 443, 457, 462, 492

Herodoto-lib. 1., 9,12, 13, 20, 27, 32,
35, 48, 63, 18, 83, 96, 19’,5 111, 118,
133,138,139‚1³7‚164,168,1⁷3‚190:

Α 298,211,212,’213,299,232,’233,245,
259, 264, 285, 213, 213, 219, 288, 223,
298, 298, 313, 325, 324, 326, 321, 328,
329, 331, 833, 343, 345, 346, 357, 358,
370, 376, 387, 392, 395, 407', 408'‚436‚
442, 450, 459, 464⁹, 467, 4⁷0, 490

1111. ii. ,7,20, 30, 35,47, 48,,73

74,78,110,133, 189‚158,l5'9‚ 164,

187, 190, 205, 209, 215, 234, 236, 265:

270, 279 304, 308, 324, 329, 350, 358,

360, 361, 362, 39⁵, 408, 427, 464, 485,

 

 

 

 

v ---—-lib. 111., 9, 27, '48, 55, was,

2P

