AUCQDRUM.

w

Peneum, seo ,ff κη- 94, 91, 49, 57, 69, 64171, 79, σποῦ,
Parmenio, 995 «2⁷2² · 101‚107‚1o9‚ 111,119,190,199,197
Parthenius, 239 190,191, 199,199,139,199,144,149ζ

Puer, 85, 274, 311, 942, ⁸43, 442, 477

Paulus Silentiurim, 303 ¹

Paua-‘nm 15, 32, 35, 48, 50,52, 53, 56,
37. 94, 95, 105, 111, 118, 119, 199,

s 199, 1115196146, 156, 1 ,164 179,
179,160, 199, 199, 199, 19 ,909, 904,
905, 991, 991, 994. 949, 951, 917, 919,
287, 288390, 296, 298, 299, 300, 301,
904, 909, 909, 919, 990, 994,ῖ991, 949,
844, 848, 358, 361, 362, 390, 887. 407,
494, 496, 449, 467, 476

Pnuw. 188 ¹

Ρετίιὸῦὶιιι, 18, 22, 76, 79, 96, 112, 187,

4 101, 911, 979. 995, 306, 412, 4⁵2

Penius, 37, 198

Pur-niun, 263, 413, 425, 430, 441

Psocheuius, 368

Pho-1123 5, 16, 99, 44, 147, 999, 999,
⁷ 999, 5, 490

Pffiflhoeass 130, 119, 169, 999, 900,

, 0

Phania, 124

Phamelen, 32, 113

Morinos, 268

Philemo, 60, 111, 432, 447

Philippu· Thessalum, 220 ·

Philo, 34, 57, 110, 111, 199, 159, 169,
959, 285, 350

‘huod-mus, 113,115, 199, 415

Phnoum-gius, 231 ⁴

rhammo, 8, 25, 28, 48, 107, 196, 199,
128, 134, 138, 148, 152, 180, 194,
911, 996, 228, 229, 245, 257, 259,
969, 964, 968, 974, 988, 991, 297,
900, 901, 909, 999, 999, 949, 969,-
309, 999, 401, 415, 490, 495, 440,
449, 447, 458, 459, 465, 467, 499

Photiu2‚47‚ 61, 63 66, 90, 227, 230, 414

ΡἪίοὲιέἣ 64, 09’, 70, 137, 320, 326,

2

Piemuus, 8

Pindarus, 99, 190, 234, 307, 337, 339,
357, 485, 488

Pinedo, 277, 315

Pi ” 9, 59

rhum eo, 46

1111130613,38,46,53,69,71,98,107,121, ,

QQQQQQR
244, 249, 254, 271, 285, 291, 293,
296, 326, 338, 340, 343, 350, 352,
979, 999, 961, 404, 419, 438, 439,
440, 441, 465, 472,<476, 503, 504

rumas, 3, 99, 45, 14, 94, 919, 917,
268, 417, 422, 463, 481, 488

Plinius, 2, 5, 7, 8, 11, 12, 19, 33, 41,
59,·106, 116, 140, 146,148, 156, 184,
167, 901, 909, 979, 411, 499, 416,
499, 439, 495 ,

Plutarchus, 9, 19, 19, 99, 97, 99, 99, 90,

158, 159, 169, 169, 167, 1139,194, 195,
196, 191,199, 909, 910,911,915,919,
919, 999, 994, 990, 991, 994, 999, 999,
940, 941, 944, 945, 946, 959, 999, 990,
964,911,919,996,991,999,999,999,
999, 909, 909, 305, 919, 999, 994, 994,
946, 959, 999, 401, 497. 499, 489, 499,
459, 470, 491 ,

Polemo, 227

Pontianus, Angues, 426

Pollux, 8, 96, 99, 56, 84, 97, 91, 191,
109, 149, 149, 169, 196, 210, 220,
225, 961, 979, 91 999

Polyaenus‚8,28,61‚ ,100,109,190,·199,

140, 149, 197, 999, 279, 996, 919, 919,

’321

Polybius, 9, 20, 21, 35, 44, 48, 49, ⁸8,
54, 55, 57, 59, 64, 66, 79, 77, 95,101,
114, 115, 121, 195,140, 141,149,149,
160,168,170,171, lm, 181,199,133,
184, 196, 197, 207, 919, 9911, 999,
994, 941, 945, 941, 951, 964, 975,
278, 979, 981, 966, 290, 291, 902,
321, 322, 994, 923, 999, 949, 954,
357, 358, 387, 403, 405f441, 442,
443, 449, 450, 463, 466, 479, 489

Pomponius Mela, vide neh. γ

Pupius, 194

Porphyrius, 84, 109, 238, 904, 949, 497

Porsonus, 1 et passim.

Posidippus, 179, ,259

Pouinus Petrus, 151, 38⁵, 4⁸³

Pdeaeus, 44, 45

Pridennx, 43

Priscianus, 4, 385

Problam. Aritium„ 273

Pmclus, 14, 179 , «

Propertius, 29, 247, 2983 819, 434

Proverbia Mettica, 372

Pseuus, 347, 378

Pseudo Didymus, 111 5 ,

Ptolomaeus Kepha-t. vide Hebffl.

Pythagoraa, 171, 200, 485 “

Quintilianus, 4, 199, 991, 4ου

Ramiresius, 453
Β9ρ11911119, 8 Β, 81, 205, 289, 339,
951, 965, 4⁸22, 452
Rasehe, 4 “
naiman, 43 ,·.
Reinedus, 43, 338
Reiskius, 53, 62
Reitzius, 49
Rigaltius, 11,
Rover„ 216
ΒυΙιιιΙιοιιίιιο, 13, 32 ,
Rutgersius, 71

8111116ῐί09, 156

